0.000495
0.000550
0.000550
0.000550
0.000495
0.000550
0.000550
0.000495
0.000550
0.000550
0.000550
0.000550
0.000550
0.000495
0.000550
0.000495
0.000550
0.000495
0.000495
0.000550
0.000550
0.000550
0.000550
0.000495
0.000550
0.000550
0.000550
0.000550
0.000495
0.000550
0.000550
0.000550
0.000550
0.000550
0.000550
0.000550
0.000550
0.000550
0.000495
0.000550
0.000385
0.000550
0.000550
0.000440
0.000550
0.000550
0.000495
0.000550
0.000495
0.000550
0.000495
0.000550
0.000550
0.000550
0.000495
0.000550
0.000495
0.000440
0.000550
0.000550
0.000550
0.000495
0.000550
0.000550
0.000550
0.000495
0.000550
0.000550
0.000550
0.000550
0.000550
0.000495
0.000550
0.000550
0.000550
0.000550
0.000495
0.000495
0.000550
0.000550
0.000550
0.000550
0.000550
0.000550
0.000550
0.000550
0.000495
0.000550
