0.001702
0.001568
0.001541
0.002781
0.001460
0.001546
0.001832
0.001495
0.001185
0.001622
0.001484
0.001543
0.001734
0.001784
0.001345
0.000967
0.000999
0.001249
0.001536
0.001499
0.001293
0.001530
0.002091
0.001433
0.001070
0.001612
0.001530
0.001513
0.001562
0.001189
0.001607
0.001323
0.001703
0.000808
0.001217
0.001409
0.001633
0.001350
0.001804
0.001181
0.001214
0.001423
0.001409
0.001283
0.001207
0.001949
0.001664
0.001546
0.001485
0.001901
0.001103
0.001145
0.002019
0.002084
0.001255
0.001577
0.001763
0.001030
0.002222
0.001691
0.001477
0.001648
0.001226
0.001752
0.001329
0.001322
0.001829
0.001875
0.002119
0.001845
0.001544
0.001725
0.001847
0.001198
0.001340
0.001662
0.001776
0.000792
0.001899
0.001427
0.001224
0.001858
0.001608
0.001679
0.001788
0.001367

