0.000550
0.000495
0.000660
0.000495
0.000495
0.000825
0.000715
0.000495
0.000495
0.000770
0.000495
0.000660
0.000605
0.000770
0.000440
0.000880
0.000660
0.000935
0.000770
0.000550
0.000715
0.000660
0.000550
0.000715
0.000440
0.000385
0.000440
0.000440
0.000770
0.000605
0.000605
0.000330
0.000495
0.000440
0.000605
0.000770
0.000770
0.000605
0.000495
0.000770
0.000825
0.000825
0.000770
0.000660
0.000550
0.000825
0.000495
0.000605
0.000660
0.000770
0.000770
0.000550
0.000825
0.000495
0.000715
0.000825
0.000440
0.000495
0.000275
0.000495
0.000605
0.000715
0.000660
0.000605
0.000605
0.000880
0.000605
0.000605
0.000550
0.000440
0.000440
0.000715
0.000770
0.000385
0.000495
0.000495
0.000935
0.000770
0.000605
0.000660
0.000550
0.000385
0.000550
