0.005041
0.005036
0.005046
0.005031
0.005061
0.005026
0.005041
0.005036
0.005031
0.005041
0.005041
0.005036
0.005061
0.005081
0.005046
0.005036
0.005036
0.005051
0.005056
0.005046
0.005066
0.005046
0.005036
0.005046
0.005041
0.005066
0.005041
0.005056
0.005036
0.005066
0.005041
0.005041
0.005056
0.005046
0.005046
0.005081
0.005041
0.005051
0.005055
0.005086
0.005051
0.005056
0.005066
0.005051
0.005041
0.005031
0.005031
0.005031
0.005056
0.005021
0.005051
0.005051
0.005036
0.005071
0.005041
0.005056
0.005051
0.005050
0.005056
0.005036
0.005026
0.005056
0.005045
0.005046
0.005036
0.005056
0.005031
0.005036
0.005040
0.005061
0.005036
0.005086
0.005056
0.005056
0.005041
0.005041
0.005056
0.005041
0.005051
0.005071
0.005041
0.005046
0.005056
0.005065
0.005026
0.005051
0.005066
0.005026
0.005046
0.005061
0.005036
0.005051
0.005031
0.005056
0.005041
0.005046
0.005056
0.005061
0.005071
0.005026
0.005081
0.005041
0.005036
0.005026
0.005066
0.005041
0.005066
0.005031
0.005056
0.005061
0.005031
0.005031
0.005041
0.005041
0.005061
0.005031
0.005071
0.005061
0.005066
0.005046
0.005051
0.005031
0.005056
0.005041
0.005036
0.005056
0.005056
0.005046
0.005076
0.005051
0.005036
0.005046
0.005050
0.005041
0.005046
0.005036
0.005046
0.005051
0.005061
0.005046
0.005021
0.005056
0.005036
0.005056
0.005055
0.005051
0.005051
0.005056
0.005066
0.005031
0.005086
0.005071
0.005051
0.005036
0.005046
0.005046
0.005051
0.005061
0.005031
0.005071
0.005036
0.005056
0.005041
0.005056
0.005051
0.005056
0.005041
0.005051
0.005056
0.005061
0.005041
0.005011
0.005045
0.005021
0.005076
0.005066
0.005031
0.005071
0.005061
0.005075
0.005076
0.005056
0.005046
0.005051
0.005066
0.005066
0.005036
0.005021
0.005016
0.005056
0.005056
0.005051
0.005051
0.005061
0.005041
0.005066
0.005076
0.005026
0.005066
0.005056
0.005086
0.005041
0.005026
0.005066
0.005076
0.005026
0.005051
0.005061
0.005026
0.005060
0.005056
0.005046
0.005071
0.005051
0.005071
0.005026
0.005031
0.005036
0.005036
0.005061
0.005066
0.005041
0.005056
0.005066
0.005036
0.005041
0.005031
0.005051
0.005051
0.005061
0.005061
0.005056
0.005031
0.005056
0.005066
0.005036
0.005066
0.005066
0.005051
0.005036
0.005031
0.005061
0.005026
0.005041
0.005041
0.005071
0.005061
0.005046
0.005066
0.005051
0.005041
0.005051
0.005051
0.005046
0.005055
0.005061
0.005061
0.005031
0.005031
0.005041
0.005076
0.005061
0.005066
0.005051
0.005066
0.005096
0.005045
0.005061
0.005071
0.005041
0.005061
0.005051
0.005056
0.005055
0.005066
0.005021
0.005041
0.005041
0.005021
0.005046
0.005071
0.005051
0.005026
0.005031
0.005056
0.005046
0.005051
0.005046
0.005051
0.005056
0.005066
0.005041
0.005061
0.005061
0.005061
0.005046
0.005066
0.005081
0.005051
0.005041
0.005056
0.005046
0.005056
0.005076
0.005051
0.005046
0.005051
0.005036
0.005026
0.005066
0.005066
0.005031
0.005051
0.005036
0.005071
0.005056
0.005056
0.005036
0.005046
0.005026
0.005056
0.005056
0.005036
0.005071
0.005046
0.005041
0.005051
0.005041
0.005061
0.005046
0.005036
0.005066
0.005070
0.005046
0.005051
0.005061
0.005061
0.005036
0.005031
0.005051
0.005036
0.005091
0.005031
0.005046
0.005036
0.005066
0.005051
0.005061
0.005061
0.005051
0.005076
0.005060
0.005065
0.005061
0.005031
0.005026
0.005056
0.005056
0.005051
0.005046
0.005046
0.005051
0.005031
0.005036
0.005041
0.005031
0.005036
0.005051
0.005056
0.005051
0.005046
0.005076
0.005046
0.005051
0.005031
0.005056
0.005055
0.005046
0.005056
0.005066
0.005066
0.005036
0.005051
0.005036
0.005056
0.005056
0.005046
0.005050
0.005041
0.005051
0.005056
0.005051
0.005066
0.005056
0.005026
0.005046
0.005036
0.005051
0.005056
0.005061
0.005031
0.005041
0.005045
0.005036
0.005051
0.005056
0.005051
0.005056
0.005071
0.005066
0.005041
0.005061
0.005086
0.005041
0.005056
0.005070
0.005051
0.005031
0.005026
0.005041
0.005066
0.005046
0.005031
0.005046
0.005046
0.005046
0.005036
0.005061
0.005056
0.005031
0.005060
0.005041
0.005060
0.005051
0.005070
0.005041
0.005066
0.005051
0.005031
0.005056
0.005061
0.005046
0.005056
0.005056
0.005060
0.005046
0.005051
0.005036
0.005061
0.005026
0.005046
0.005045
0.005066
0.005071
0.005046
0.005046
0.005071
0.005036
0.005036
0.005051
0.005036
0.005051
0.005046
0.005056
0.005021
0.005061
0.005051
0.005056
0.005056
0.005051
0.005066
0.005051
0.005046
0.005051
0.005066
0.005066
0.005036
0.005046
0.005055
0.005046
0.005080
0.005041
0.005040
0.005041
0.005056
0.005031
0.005051
0.005036
0.005046
0.005051
0.005071
0.005036
0.005051
0.005076
0.005070
0.005066
0.005065
0.005021
0.005066
0.005031
0.005041
0.005061
0.005021
0.005060
0.005051
0.005061
0.005046
0.005026
0.005071
0.005041
0.005066
0.005066
0.005021
0.005041
0.005056
0.005031
0.005056
0.005051
0.005046
0.005056
0.005071
0.005051
0.005066
0.005041
0.005041
0.005051
0.005076
0.005076
0.005060
0.005096
0.005066
0.005041
0.005096
0.005036
0.005036
0.005051
0.005061
0.005041
0.005076
0.005081
0.005026
0.005056
0.005066
0.005056
0.005041
0.005056
0.005051
0.005051
0.005026
0.005026
0.005051
0.005051
0.005061
0.005056
0.005046
0.005056
0.005051
0.005061
0.005051
0.005071
0.005056
0.005041
0.005061
0.005071
0.005031
0.005051
0.005041
0.005050
0.005046
0.005066
0.005051
0.005036
0.005046
0.005066
0.005076
0.005031
0.005041
0.005051
0.005031
0.005056
0.005041
0.005036
0.005066
0.005056
0.005056
0.005070
0.005056
0.005056
0.005061
0.005041
0.005046
0.005056
0.005066
0.005056
0.005041
0.005051
0.005046
0.005041
0.005041
0.005046
0.005056
0.005036
0.005021
0.005061
0.005041
0.005061
0.005075
0.005071
0.005081
0.005055
0.005056
0.005070
0.005046
0.005061
0.005066
0.005056
0.005051
0.005036
0.005051
0.005026
0.005076
0.005065
0.005041
0.005061
0.005046
0.005071
0.005055
0.005031
0.005046
0.005061
0.005061
0.005041
0.005051
0.005061
0.005036
0.005071
0.005051
0.005041
0.005056
0.005036
0.005041
0.005036
0.005026
0.005036
0.005071
0.005061
0.005051
0.005051
0.005051
0.005031
0.005051
0.005036
0.005046
0.005036
0.005036
0.005046
0.005036
0.005046
0.005036
0.005021
0.005041
0.005041
0.005051
0.005036
0.005056
0.005051
0.005051
0.005046
0.005046
0.005046
0.005036
0.005041
0.005031
0.005051
0.005085
0.005036
0.005056
0.005051
0.005021
0.005046
0.005046
0.005061
0.005061
0.005041
0.005046
0.005061
0.005031
0.005031
0.005051
0.005081
0.005046
0.005046
0.005056
0.005081
0.005056
0.005041
0.005036
0.005071
0.005061
0.005046
0.005061
0.005051
0.005071
0.005056
0.005046
0.005056
0.005051
0.005066
0.005046
0.005066
0.005061
0.005026
0.005036
0.005046
0.005056
0.005051
0.005046
0.005041
0.005036
0.005065
0.005056
0.005031
0.005066
0.005031
0.005056
0.005050
0.005031
0.005041
0.005036
0.005066
0.005076
0.005066
0.005046
0.005046
0.005061
0.005036
0.005041
0.005031
0.005026
0.005046
0.005031
0.005031
0.005071
0.005046
0.005061
0.005051
0.005056
0.005041
0.005051
0.005041
0.005031
0.005036
0.005086
0.005061
0.005046
0.005046
0.005056
0.005051
0.005030
0.005036
0.005046
0.005046
0.005061
0.005041
0.005066
0.005031
0.005055
0.005040
0.005041
0.005051
0.005061
0.005026
0.005051
0.005066
0.005051
0.005056
0.005081
0.005055
0.005031
0.005046
0.005031
0.005056
0.005041
0.005046
0.005041
0.005066
0.005046
0.005061
0.005061
0.005061
0.005036
0.005051
0.005071
0.005041
0.005066
0.005080
0.005056
0.005041
0.005036
0.005056
0.005056
0.005056
0.005046
0.005046
0.005046
0.005061
0.005031
0.005046
0.005051
0.005065
0.005046
0.005066
0.005031
0.005051
0.005041
0.005056
0.005036
0.005091
0.005036
0.005041
0.005026
0.005071
0.005041
0.005051
0.005031
0.005031
0.005026
0.005061
0.005056
0.005036
0.005065
0.005046
0.005071
0.005066
0.005051
0.005046
0.005051
0.005026
0.005061
0.005080
0.005085
0.005041
0.005041
0.005046
0.005060
0.005041
0.005041
0.005031
0.005056
0.005036
0.005051
0.005046
0.005051
0.005061
0.005051
0.005046
0.005066
0.005060
0.005046
0.005066
0.005046
0.005056
0.005021
0.005056
0.005036
0.005066
0.005071
0.005061
0.005036
0.005036
0.005061
0.005076
0.005035
0.005036
0.005036
0.005046
0.005036
0.005021
0.005036
0.005036
0.005046
0.005041
0.005041
0.005071
0.005041
0.005071
0.005051
0.005056
0.005031
0.005046
0.005066
0.005071
0.005056
0.005071
0.005076
0.005056
0.005036
0.005041
0.005021
0.005070
0.005051
0.005066
0.005046
0.005096
0.005046
0.005051
0.005026
0.005061
0.005056
0.005046
0.005046
0.005051
0.005046
0.005066
0.005066
0.005041
0.005051
0.005076
0.005046
0.005061
0.005056
0.005081
0.005070
0.005041
0.005076
0.005056
0.005091
0.005070
0.005051
0.005071
0.005066
0.005061
0.005036
0.005026
0.005051
0.005091
0.005046
0.005081
0.005101
0.005086
0.005046
0.005041
0.005021
0.005061
0.005041
0.005056
0.005056
0.005051
0.005060
0.005066
0.005071
0.005046
0.005041
0.005066
0.005036
0.005086
0.005055
0.005050
0.005061
0.005041
0.005036
0.005071
0.005061
0.005051
0.005056
0.005031
0.005051
0.005046
0.005051
0.005056
0.005071
0.005056
0.005081
0.005012
0.005041
0.005061
0.005076
0.005086
0.005036
0.005076
0.005036
0.005076
0.005031
0.005051
0.005081
0.005051
0.005041
0.005041
0.005051
0.005036
0.005066
0.005056
0.005046
0.005046
0.005041
0.005056
0.005041
0.005041
0.005070
0.005061
0.005041
0.005041
0.005066
0.005041
0.005056
0.005051
0.005065
0.005036
0.005076
0.005055
0.005080
0.005066
0.005046
0.005061
0.005056
0.005046
0.005061
0.005036
0.005031
0.005036
0.005036
0.005066
0.005051
0.005051
0.005026
0.005041
0.005036
0.005051
0.005066
0.005066
0.005051
0.005041
0.005065
0.005071
0.005071
0.005066
0.005056
0.005046
0.005071
0.005041
0.005051
0.005056
0.005066
0.005065
0.005046
0.005071
0.005041
0.005061
0.005071
0.005036
0.005041
0.005021
0.005041
0.005051
0.005061
0.005056
0.005051
0.005051
0.005076
0.005051
0.005051
0.005046
0.005036
0.005036
0.005061
0.005066
0.005031
0.005041
0.005041
0.005081
0.005066
0.005051
0.005056
0.005046
0.005031
0.005046
