0.000406
0.000360
0.000505
0.000356
0.000353
0.000657
0.000551
0.000355
0.000356
0.000602
0.000359
0.000503
0.000456
0.000601
0.000312
0.000703
0.000505
0.000754
0.000605
0.000406
0.000552
0.000508
0.000405
0.000553
0.000303
0.000271
0.000308
0.000305
0.000607
0.000459
0.000458
0.000215
0.000355
0.000308
0.000455
0.000602
0.000604
0.000456
0.000359
0.000605
0.000654
0.000653
0.000604
0.000504
0.000407
0.000651
0.000354
0.000452
0.000504
0.000606
0.000602
0.000411
0.000651
0.000360
0.000555
0.000653
0.000310
0.000354
0.000169
0.000355
0.000462
0.000553
0.000503
0.000457
0.000453
0.000701
0.000454
0.000456
0.000405
0.000307
0.000306
0.000554
0.000602
0.000256
0.000357
0.000353
0.000754
0.000608
0.000450
0.000502
0.000405
0.000255
0.000401
