0.002197
0.002118
0.002091
0.003331
0.001955
0.002096
0.002382
0.001990
0.001735
0.002172
0.002034
0.002093
0.002284
0.002279
0.001895
0.001462
0.001549
0.001744
0.002031
0.002049
0.001843
0.002080
0.002641
0.001928
0.001620
0.002162
0.002080
0.002063
0.002057
0.001739
0.002157
0.001873
0.002253
0.001358
0.001767
0.001959
0.002183
0.001900
0.002299
0.001731
0.001599
0.001973
0.001959
0.001723
0.001757
0.002499
0.002159
0.002096
0.001980
0.002451
0.001598
0.001695
0.002569
0.002634
0.001750
0.002127
0.002258
0.001470
0.002772
0.002241
0.002027
0.002143
0.001776
0.002302
0.001879
0.001817
0.002379
0.002425
0.002669
0.002395
0.002094
0.002220
0.002397
0.001748
0.001890
0.002212
0.002271
0.001287
0.002449
0.001977
0.001774
0.002408
0.002158
0.002229
0.002338
