0.000956
0.000855
0.001165
0.000851
0.000848
0.001482
0.001266
0.000850
0.000851
0.001372
0.000854
0.001163
0.001061
0.001371
0.000752
0.001583
0.001165
0.001689
0.001375
0.000956
0.001267
0.001168
0.000955
0.001268
0.000743
0.000656
0.000748
0.000745
0.001377
0.001064
0.001063
0.000545
0.000850
0.000748
0.001060
0.001372
0.001374
0.001061
0.000854
0.001375
0.001479
0.001478
0.001374
0.001164
0.000957
0.001476
0.000849
0.001057
0.001164
0.001376
0.001372
0.000961
0.001476
0.000855
0.001270
0.001478
0.000750
0.000849
0.000444
0.000850
0.001067
0.001268
0.001163
0.001062
0.001058
0.001581
0.001059
0.001061
0.000955
0.000747
0.000746
0.001269
0.001372
0.000641
0.000852
0.000848
0.001689
0.001378
0.001055
0.001162
0.000955
0.000640
0.000951
