0.850713 0.560560
0.929609 0.696667
0.582791 0.815397
0.879014 0.988912
0.000522 0.865439
0.612566 0.989950
0.527680 0.479523
0.801348 0.227843
0.498094 0.900852
0.574661 0.845178
0.738640 0.585987
0.246735 0.666416
0.083483 0.625960
0.660945 0.729752
0.890752 0.982303
0.769029 0.581446
0.928313 0.580090
0.016983 0.120860
0.862711 0.484297
0.844856 0.209405
0.552291 0.629883
0.031991 0.614713
0.362411 0.049533
0.489570 0.192510
0.123084 0.205494
0.146515 0.189072
0.042652 0.635198
0.281867 0.538597
0.695163 0.499116
0.535801 0.445183
0.123932 0.490357
0.852998 0.873927
0.270294 0.208461
0.564980 0.640312
0.417029 0.205976
0.947933 0.082071
0.105709 0.142041
0.166460 0.620959
0.573710 0.052078
0.931201 0.728662
0.737842 0.063405
0.860441 0.934405
0.984398 0.858939
0.785559 0.513377
0.177602 0.398589
0.133931 0.030890
0.939142 0.301306
0.295534 0.332936
0.467068 0.648198
0.025228 0.842207
0.559033 0.854100
0.347879 0.446027
0.054239 0.177108
0.662808 0.330829
0.898486 0.118155
0.988418 0.539982
0.706917 0.999492
0.287849 0.414523
0.464840 0.763957
0.818204 0.100222
0.178117 0.359635
0.056705 0.521886
0.335849 0.175669
0.208947 0.905154
0.675391 0.468468
0.912132 0.104012
0.745546 0.736267
0.561861 0.184194
0.597211 0.299937
0.134123 0.212602
0.894942 0.071453
0.242487 0.053754
0.441722 0.013283
0.897191 0.196658
0.093371 0.307367
0.456058 0.101669
0.995390 0.332093
0.297347 0.062045
0.298244 0.046351
0.505428 0.761426
